// idle right

0 5 24 29

30 4 54 29

----------

// idle left

65 4 89 29

95 5 119 29 

----------
// crouch right

0 36 21 59

30 40 50 59

----------

// crouch left
69 40 89 59

98 35 119 59

-----------
// air up right

0 63 17 89

30 65 47 90 

-----------
// flip right

60 66 79 90

-----------
// air down right

90 62 106 89

-----------
// land right

120 69 139 89

150 65 172 89 

180 65 209 89 

212 63 228 89

------------
// air up left

222 93 239 119

192 95 209 119

-----------
// air flip left
160 96 179 119

-----------
// air down left
133 92 149 119


-----------
// land left
100 97 119 119

67 95 89 119

30 94 59 119

13 93 29 119 

------------

// attack right

1 123 23 149

30 122 64 149

65 122 98 149 

100 122 132 149 

135 121 159 149

170 122 204 149 

205 123 239 149 

240 123 274 149

275 123 300 148

------------

// attack left

283 154 305 179 

235 153 270 180 

202 153 235 180 

168 153 200 180 

141 153 165 180 

96 153 130 180 

61 153 95 180 

26 153 60 180 

0 154 25 180 

------------
// walk right

0 186 21 213 

30 187 47 213 

60 185 77 213

90 184 105 213 

120 185 143 213 

150 187 168 213 

180 184 198 213

210 183 229 213

--------------
// walk left

208 217 229 244

182 218 199 244 

152 216 169 244 

124 215 139 244 

86 216 109 244

61 218 79 244 

32 215 49 244

0 214 19 244

------------

// run right

0 246 29 273 

35 247 59 273 

70 245 89 273

105 245 125 273

140 246 163 273

175 248 201 273

210 245 238 273 

245 247 268 273 

280 245 299 273 

315 245 335 273 

350 247 368 273

385 248 409 273 

--------------
// run left

380 275 409 302 

350 276 374 302 

320 274 339 302 

284 274 304 302 

246 275 269 302 

208 277 234 302 

171 274 199 302 

110 274 129 302 

74 274 94 302 

41 276 59 302 

0 277 24 302 


--------------
 // collidables

0 235
34 280

35 209
120 279

118 186
203 256

193 145
256 194

320 190
424 278

425 176
239 195

440 148
503 192
